89860620050002796510
89860620050002796528
89860620050002796536
89860620050002796833
89860620050002796874
89860620050002796932
89860620050002797021
89860620050002797161
89860620050002797179
89860620050002797294
89860620050002797328
89860620050002797500
89860620050002797609
89860620050002797666
89860620050002797690
89860620050002797914
89860620050002797971
89860620050002798144
89860620050002798169
89860620050002798250
89860620050002798284
89860620050002798292
89860620050002798995
89860620050002799001
89860620050002799084
89860620050002799357
89860620050002799373
89860620050002799399
89860620050002799407
89860622500086221072
89860622500086221155
89860622500086221221
89860622500086221478
89860622500086221585
89860622500086221668
89860622500086221775
89860622500086221791
89860622500086222005
89860622500086222401
89860622500086222419
89860622500086225214
