8986112222402978103
8986112222402978104
8986112222402978105
8986112222402978106
8986112222402978107
8986112222402978108
8986112222402978109
8986112222402978110
8986112222402978111
8986112222402978112
8986112222402978113
8986112222402978114
8986112222402978115
8986112222402978116
8986112222402978117
8986112222402978118
8986112222402978119
8986112222402978120
8986112222402978121
8986112222402978122
8986112222402978123
8986112222402978124
8986112222402978125
8986112222402978126
8986112222402978127
8986112222402978128
8986112222402978129
8986112222402978130
8986112222402978131
8986112222402978132
8986112222402978133
8986112222402978134
8986112222402978135
8986112222402978136
8986112222402978137
8986112222402978138
8986112222402978139
8986112222402978140
8986112222402978141
8986112222402978142
8986112222402978143
8986112222402978144
8986112222402978145
8986112222402978146
8986112222402978147
8986112222402978148
8986112222402978149
8986112222402978150
8986112222402978151
8986112222402978152
8986112222402978153
8986112222402978154
8986112222402978155
8986112222402978156
8986112222402978157
8986112222402978158
8986112222402978159
8986112222402978160
8986112222402978161
8986112222402978162
8986112222402978163
8986112222402978164
8986112222402978165
8986112222402978166
8986112222402978167
8986112222402978168
8986112222402978169
8986112222402978170
8986112222402978171
8986112222402978173
8986112222402978174
8986112222402978175
8986112222402978176
8986112222402978177
8986112222402978178
8986112222402978179
8986112222402978180
8986112222402978181
8986112222402978182
8986112222402978183
8986112222402978184
8986112222402978185
8986112222402978186
8986112222402978187
8986112222402978188
8986112222402978189
8986112222402978190
8986112222402978191
8986112222402978192
8986112222402978193
8986112222402978194
8986112222402978195
8986112222402978196
8986112222402978197
8986112222402978198
8986112222402978199
8986112222402978200
8986112222402978201
8986112222402978202
8986112222402978203
8986112222402978204
8986112222402978205
8986112222402978206
8986112222402978207
8986112222402978208
8986112222402978209
8986112222402978210
8986112222402978211
8986112222402978212
8986112222402978213
8986112222402978214
8986112222402978215
8986112222402978216
8986112222402978217
8986112222402978218
8986112222402978219
8986112222402978220
8986112222402978221
8986112222402978222
8986112222402978223
8986112222402978224
8986112222402978225
8986112222402978226
8986112222402978227
8986112222402978228
8986112222402978229
8986112222402978230
8986112222402978231
8986112222402978232
8986112222402978233
8986112222402978234
8986112222402978235
8986112222402978236
8986112222402978237
8986112222402978238
8986112222402978239
8986112222402978240
8986112222402978241
8986112222402978242
8986112222402978243
8986112222402978244
8986112222402978245
8986112222402978246
8986112222402978247
8986112222402978248
8986112222402978249
8986112222402978250
8986112222402978251
8986112222402977990
8986112222402977991
8986112222402977992
8986112222402977993
8986112222402977994
8986112222402977995
8986112222402977996
8986112222402977997
8986112222402977998
8986112222402977999
8986112222402978000
8986112222402978001
8986112222402978002
8986112222402978003
8986112222402978005
8986112222402978006
8986112222402978007
8986112222402978008
8986112222402978009
8986112222402978011
8986112222402978012
8986112222402978013
8986112222402978014
8986112222402978015
8986112222402978016
8986112222402978017
8986112222402978018
8986112222402978019
8986112222402978020
8986112222402978021
8986112222402978022
8986112222402978023
8986112222402978024
8986112222402978026
8986112222402978027
8986112222402978028
8986112222402978029
8986112222402978030
8986112222402978031
8986112222402978032
8986112222402978033
8986112222402978034
8986112222402978035
8986112222402978036
8986112222402978037
8986112222402978038
8986112222402978039
8986112222402978040
8986112222402978041
8986112222402978042
8986112222402978043
8986112222402978044
8986112222402978045
8986112222402978046
8986112222402978047
8986112222402978048
8986112222402978049
8986112222402978050
8986112222402978051
8986112222402978052
8986112222402978053
8986112222402978054
8986112222402978055
8986112222402978056
8986112222402978057
8986112222402978058
8986112222402978059
8986112222402978060
8986112222402978061
8986112222402978062
8986112222402978063
8986112222402978064
8986112222402978065
8986112222402978066
8986112222402978067
8986112222402978068
8986112222402978069
8986112222402978070
8986112222402978071
8986112222402978072
8986112222402978073
8986112222402978074
8986112222402978075
8986112222402978076
8986112222402978077
8986112222402978078
8986112222402978079
8986112222402978080
8986112222402978081
8986112222402978082
8986112222402978083
8986112222402978084
8986112222402978085
8986112222402978086
8986112222402978087
8986112222402978088
8986112222402978089
8986112222402978090
8986112222402978091
8986112222402978092
8986112222402978093
8986112222402978094
8986112222402978095
8986112222402978096
8986112222402978097
8986112222402978098
8986112222402978099
8986112222402978100
8986112222402978101
8986112222402978102
8986112222402976528
8986112222402976529
8986112222402976530
8986112222402976531
8986112222402976532
8986112222402976533
8986112222402976534
8986112222402976535
8986112222402976536
8986112222402976537
8986112222402976538
8986112222402976539
8986112222402976540
8986112222402976541
8986112222402976542
8986112222402976543
8986112222402976544
8986112222402976545
8986112222402976546
8986112222402976547
8986112222402976548
8986112222402976549
8986112222402976550
8986112222402976551
8986112222402976552
8986112222402976553
8986112222402976554
8986112222402976555
8986112222402976556
8986112222402976557
8986112222402976558
8986112222402976559
8986112222402976560
8986112222402976561
8986112222402976562
8986112222402976563
8986112222402976564
8986112222402976565
8986112222402976566
8986112222402976567
8986112222402976568
8986112222402976569
8986112222402976570
8986112222402976571
8986112222402976572
8986112222402976573
8986112222402976574
8986112222402976575
8986112222402976576
8986112222402976577
8986112222402976578
8986112222402976579
8986112222402976580
8986112222402976581
8986112222402976582
8986112222402976583
8986112222402976584
8986112222402976585
8986112222402976586
8986112222402976587
8986112222402976588
8986112222402976589
8986112222402976590
8986112222402976591
8986112222402976592
8986112222402976593
8986112222402976594
8986112222402976595
8986112222402976596
8986112222402976597
8986112222402976598
8986112222402976599
8986112222402976600
8986112222402976601
8986112222402976602
8986112222402976603
8986112222402976604
8986112222402976605
8986112222402976606
8986112222402976607
8986112222402976608
8986112222402976609
8986112222402976610
8986112222402976611
8986112222402976612
8986112222402976613
8986112222402976614
8986112222402976615
8986112222402976616
8986112222402976617
8986112222402976618
8986112222402976619
8986112222402976620
8986112222402976621
8986112222402976622
8986112222402976623
8986112222402976626
8986112222402976627
8986112222402976628
8986112222402976629
8986112222402976630
8986112222402976631
8986112222402976632
8986112222402976633
8986112222402976634
8986112222402976635
8986112222402976636
8986112222402976637
8986112222402976638
8986112222402976639
8986112222402976640
8986112222402976641
8986112222402976642
8986112222402976643
8986112222402976645
8986112222402976646
8986112222402976647
8986112222402976648
8986112222402976649
8986112222402976650
8986112222402976651
8986112222402976652
8986112222402976653
8986112222402976654
8986112222402976655
8986112222402976656
8986112222402976657
8986112222402976658
8986112222402976659
8986112222402976660
8986112222402976661
8986112222402976662
8986112222402976663
8986112222402976664
8986112222402976665
8986112222402976666
8986112222402976667
8986112222402976668
8986112222402976669
8986112222402976670
8986112222402976671
8986112222402976672
8986112222402976673
8986112222402976674
8986112222402976675
8986112222402976676
8986112222402976677
8986112222402976678
8986112222402976679
8986112222402976680
8986112222402976681
8986112222402976682
8986112222402976683
8986112222402976684
8986112222402976685
8986112222402976686
8986112222402976687
8986112222402976688
8986112222402976689
8986112222402976690
8986112222402976691
8986112222402976692
8986112222402976693
8986112222402976694
8986112222402976695
8986112222402976696
8986112222402976697
8986112222402976698
8986112222402976699
8986112222402976700
8986112222402976701
8986112222402976702
8986112222402976703
8986112222402976704
8986112222402976705
8986112222402976706
8986112222402976707
8986112222402976708
8986112222402976709
8986112222402976710
8986112222402976711
8986112222402976712
8986112222402976713
8986112222402976714
8986112222402976715
8986112222402976716
8986112222402976718
8986112222402976719
8986112222402976720
8986112222402976721
8986112222402976722
8986112222402976723
8986112222402976724
8986112222402976725
8986112222402976726
8986112222402976727
8986112222402976728
8986112222402976729
8986112222402976730
8986112222402976731
8986112222402976732
8986112222402976733
8986112222402976734
8986112222402976735
8986112222402976736
8986112222402976737
8986112222402976738
8986112222402976739
8986112222402976740
8986112222402976741
8986112222402976742
8986112222402976743
8986112222402976744
8986112222402976745
8986112222402976746
8986112222402976747
8986112222402976748
8986112222402976749
8986112222402976751
8986112222402976752
8986112222402976753
8986112222402976754
8986112222402976755
8986112222402976756
8986112222402976757
8986112222402976758
8986112222402976759
8986112222402976760
8986112222402976761
8986112222402976762
8986112222402976763
8986112222402976764
8986112222402976765
8986112222402976766
8986112222402976767
8986112222402976768
8986112222402976769
8986112222402976770
8986112222402976771
8986112222402976772
8986112222402976773
8986112222402976774
8986112222402976775
8986112222402976776
8986112222402976777
8986112222402976803
8986112222402976804
8986112222402976805
8986112222402976806
8986112222402976807
8986112222402976808
8986112222402976809
8986112222402976810
8986112222402976811
8986112222402976812
8986112222402976813
8986112222402976814
8986112222402976815
8986112222402976816
8986112222402976817
8986112222402976818
8986112222402976819
8986112222402976820
8986112222402976821
8986112222402976822
8986112222402976823
8986112222402976824
8986112222402976825
8986112222402976826
8986112222402976827
8986112222402976778
8986112222402976779
8986112222402976780
8986112222402976781
8986112222402976782
8986112222402976783
8986112222402976784
8986112222402976785
8986112222402976786
8986112222402976787
8986112222402976788
8986112222402976789
8986112222402976790
8986112222402976791
8986112222402976792
8986112222402976793
8986112222402976794
8986112222402976795
8986112222402976796
8986112222402976797
8986112222402976798
8986112222402976799
8986112222402976800
8986112222402976801
8986112222402976802
8986112222402976938
8986112222402976939
8986112222402976940
8986112222402976941
8986112222402976942
8986112222402976943
8986112222402976944
8986112222402976945
8986112222402976946
8986112222402976947
8986112222402976948
8986112222402976949
8986112222402976950
8986112222402976951
8986112222402976952
8986112222402976953
8986112222402976954
8986112222402976955
8986112222402976956
8986112222402976957
8986112222402976958
8986112222402976959
8986112222402976960
8986112222402976961
8986112222402976962
8986112222402976963
8986112222402976964
8986112222402976965
8986112222402976966
8986112222402976967
8986112222402976968
8986112222402976969
8986112222402976970
8986112222402976971
8986112222402976972
8986112222402976973
8986112222402976974
8986112222402976975
8986112222402976976
8986112222402976977
8986112222402976978
8986112222402976979
8986112222402976980
8986112222402976981
8986112222402976982
8986112222402976983
8986112222402976984
8986112222402976985
8986112222402976986
8986112222402976987
8986112222402976988
8986112222402976989
8986112222402976990
8986112222402976991
8986112222402976992
8986112222402976993
8986112222402976994
8986112222402976995
8986112222402976996
8986112222402976997
8986112222402976998
8986112222402976999
8986112222402977000
8986112222402977001
8986112222402977002
8986112222402977003
8986112222402977004
8986112222402977005
8986112222402977006
8986112222402977007
8986112222402977008
8986112222402977009
8986112222402977010
8986112222402977011
8986112222402977012
8986112222402977013
8986112222402977014
8986112222402977015
8986112222402977016
8986112222402977017
8986112222402977018
8986112222402977020
8986112222402977021
8986112222402977022
8986112222402977024
8986112222402977025
8986112222402977026
8986112222402977027
8986112222402977028
8986112222402977029
8986112222402977030
8986112222402977031
8986112222402977032
8986112222402977033
8986112222402977034
8986112222402977035
8986112222402977036
8986112222402977037
8986112222402977038
8986112222402977039
8986112222402977040
8986112222402977041
8986112222402977042
8986112222402977043
8986112222402977044
8986112222402977045
8986112222402977046
8986112222402977047
8986112222402977048
8986112222402977049
8986112222402977050
8986112222402977051
8986112222402977052
8986112222402977100
8986112222402977101
8986112222402977102
8986112222402977103
8986112222402977104
8986112222402977105
8986112222402977106
8986112222402977107
8986112222402977108
8986112222402977109
8986112222402977110
8986112222402977111
8986112222402977112
8986112222402977113
8986112222402977114
8986112222402977115
8986112222402977116
8986112222402977117
8986112222402977118
8986112222402977119
8986112222402977120
8986112222402977121
8986112222402977122
8986112222402977123
8986112222402977124
8986112222402977125
8986112222402977126
8986112222402977127
8986112222402977128
8986112222402977129
8986112222402977130
8986112222402977131
8986112222402977132
8986112222402977133
8986112222402977134
8986112222402977135
8986112222402977136
8986112222402977137
8986112222402977053
8986112222402977054
8986112222402977055
8986112222402977056
8986112222402977057
8986112222402977058
8986112222402977059
8986112222402977060
8986112222402977061
8986112222402977062
8986112222402977063
8986112222402977064
8986112222402977065
8986112222402977066
8986112222402977067
8986112222402977068
8986112222402977069
8986112222402977070
8986112222402977071
8986112222402977072
8986112222402977073
8986112222402977074
8986112222402977075
8986112222402977076
8986112222402977077
8986112222402977078
8986112222402977079
8986112222402977080
8986112222402977081
8986112222402977082
8986112222402977083
8986112222402977084
8986112222402977085
8986112222402977086
8986112222402977087
8986112222402977088
8986112222402977089
8986112222402977090
8986112222402977091
8986112222402977092
8986112222402977093
8986112222402977094
8986112222402977095
8986112222402977096
8986112222402977097
8986112222402977099
8986112222402977952
8986112222402977953
8986112222402977954
8986112222402977956
8986112222402977957
8986112222402977959
8986112222402977960
8986112222402977961
8986112222402977962
8986112222402977963
8986112222402977964
8986112222402977965
8986112222402977966
8986112222402977967
8986112222402977968
8986112222402977969
8986112222402977970
8986112222402977972
8986112222402977973
8986112222402977974
8986112222402977975
8986112222402977976
8986112222402977977
8986112222402977978
8986112222402977979
8986112222402977980
8986112222402977981
8986112222402977982
8986112222402977983
8986112222402977984
8986112222402977985
8986112222402977987
8986112222402977988
8986112222402977989
8986112222402976278
8986112222402976279
8986112222402976280
8986112222402976281
8986112222402976282
8986112222402976283
8986112222402976284
8986112222402976285
8986112222402976286
8986112222402976287
8986112222402976288
8986112222402976290
8986112222402976291
8986112222402976292
8986112222402976293
8986112222402976295
8986112222402976296
8986112222402976297
8986112222402976298
8986112222402976299
8986112222402976300
8986112222402976301
8986112222402976302
8986112222402976303
8986112222402976304
8986112222402976305
8986112222402976306
8986112222402976307
8986112222402976308
8986112222402976309
8986112222402976310
8986112222402976311
8986112222402976312
8986112222402976313
8986112222402976314
8986112222402976315
8986112222402976316
8986112222402976317
8986112222402976318
8986112222402976319
8986112222402976320
8986112222402976321
8986112222402976322
8986112222402976323
8986112222402976324
8986112222402976325
8986112222402976326
8986112222402976327
8986112222402976328
8986112222402976329
8986112222402976330
8986112222402976331
8986112222402976332
8986112222402976333
8986112222402976334
8986112222402976335
8986112222402976336
8986112222402976337
8986112222402976338
8986112222402976339
8986112222402976340
8986112222402976341
8986112222402976342
8986112222402976343
8986112222402976344
8986112222402976345
8986112222402976346
8986112222402976347
8986112222402976348
8986112222402976349
8986112222402976350
8986112222402976351
8986112222402976352
8986112222402976353
8986112222402976354
8986112222402976355
8986112222402976356
8986112222402976357
8986112222402976358
8986112222402976359
8986112222402976363
8986112222402976364
8986112222402976365
8986112222402976366
8986112222402976367
8986112222402976369
8986112222402976370
8986112222402976371
8986112222402976372
8986112222402976373
8986112222402976374
8986112222402976375
8986112222402976376
8986112222402976377
8986112222402976378
8986112222402976379
8986112222402976380
8986112222402976381
8986112222402976382
8986112222402976383
8986112222402976384
8986112222402976385
8986112222402976386
8986112222402976387
8986112222402976388
8986112222402976389
8986112222402976390
8986112222402976391
8986112222402976392
8986112222402976393
8986112222402976394
8986112222402976395
8986112222402976396
8986112222402976397
8986112222402976398
8986112222402976399
8986112222402976400
8986112222402976401
8986112222402976402
8986112222402976403
8986112222402976404
8986112222402976405
8986112222402976407
8986112222402976408
8986112222402976410
8986112222402976411
8986112222402976412
8986112222402976413
8986112222402976414
8986112222402976415
8986112222402976416
8986112222402976417
8986112222402976418
8986112222402976420
8986112222402976421
8986112222402976422
8986112222402976423
8986112222402976424
8986112222402976425
8986112222402976426
8986112222402976427
8986112222402976428
8986112222402976429
8986112222402976430
8986112222402976431
8986112222402976432
8986112222402976433
8986112222402976434
8986112222402976435
8986112222402976436
8986112222402976437
8986112222402976438
8986112222402976439
8986112222402976440
8986112222402976441
8986112222402976442
8986112222402976443
8986112222402976444
8986112222402976445
8986112222402976446
8986112222402976447
8986112222402976448
8986112222402976449
8986112222402976450
8986112222402976451
8986112222402976452
8986112222402976453
8986112222402976454
8986112222402976455
8986112222402976456
8986112222402976457
8986112222402976458
8986112222402976459
8986112222402976460
8986112222402976461
8986112222402976462
8986112222402976463
8986112222402976464
8986112222402976465
8986112222402976466
8986112222402976467
8986112222402976468
8986112222402976469
8986112222402976470
8986112222402976471
8986112222402976472
8986112222402976473
8986112222402976474
8986112222402976475
8986112222402976477