8986112222402821028
8986112222402821030
8986112222402821031
8986112222402821032
8986112222402821034
8986112222402821035
8986112222402821041
8986112222402821042
8986112222402821043
8986112222402821044
8986112222402821046
8986112222402821047
8986112222402821048
8986112222402821049
8986112222402821051
8986112222402821052
8986112222402821054
8986112222402821055
8986112222402821057
8986112222402821058
8986112222402821059
8986112222402821060
8986112222402821061
8986112222402821062
8986112222402821063
8986112222402821064
8986112222402821065
8986112222402821066
8986112222402821067
8986112222402821068
8986112222402821069
8986112222402821070
8986112222402821071
8986112222402821072
8986112222402821073
8986112222402821074
8986112222402821075
8986112222402821076
8986112222402821077
8986112222402821078
8986112222402821081
8986112222402821082
8986112222402978281
8986112222402978282
8986112222402978485
8986112222402978486
8986112222402978487
8986112222402978489
8986112222402978490
8986112222402978491
8986112222402978492
8986112222402978493
8986112222402978494
8986112222402978495
8986112222402978496
8986112222402978497
8986112222402978498
8986112222402978499
8986112222402978500
8986112222402978501
8986112222402978502
8986112222402978503
8986112222402978504
8986112222402978505
8986112222402978506
8986112222402978509
8986112222402978510
8986112222402978511
8986112222402978512
8986112222402978513
8986112222402978514
8986112222402978515
8986112222402978516
8986112222402978517
8986112222402978518
8986112222402978519
8986112222402978520
8986112222402978521
8986112222402978522
8986112222402978523
8986112222402978524
8986112222402978525
8986112222402978526
8986112222402978527