8986112222402821029
8986112222402821033
8986112222402821036
8986112222402821037
8986112222402821038
8986112222402821039
8986112222402821040
8986112222402821045
8986112222402821050
8986112222402821053
8986112222402821056
8986112222402821079
8986112222402821080
8986112222402821083
8986112222402821084
8986112222402976289
8986112222402976294
8986112222402976360
8986112222402976361
8986112222402976362
8986112222402976368
8986112222402976406
8986112222402976409
8986112222402976419
8986112222402976476
8986112222402976624
8986112222402976625
8986112222402976717
8986112222402976750
8986112222402977019
8986112222402977023
8986112222402977098
8986112222402977955
8986112222402977958
8986112222402977971
8986112222402977986
8986112222402978004
8986112222402978010
8986112222402978025
8986112222402978172
8986112222402978488
8986112222402978507
8986112222402978508
8986112420102698272
8986112420102698273
8986112420102698274
8986112420102698275
8986112420102698276
8986112420102698277
8986112420102698278
8986112420102698279
8986112420102698280
8986112420102698281
8986112420102698282
8986112420102698283
8986112420102698284
8986112420102698285
8986112420102698286
8986112420102698287
8986112420102698288
8986112420102698289
8986112420102698290
8986112420102698291
